1 1 1 2
1 2 1 2
1 4 1 2
2 2 1 1
2 3 1 1
3 3 1 1
3 4 1 1
4 4 1 1
5 3 1 1
6 3 1 1
7 1 1 2
8 1 1 2
9 1 1 2
9 2 1 2
9 3 1 2
10 3 1 1
10 4 1 1
11 1 1 2
12 1 1 2
12 2 1 2
13 1 1 2
13 2 1 2
13 4 1 2
14 2 1 1
14 3 1 1
14 4 1 1
15 1 1 2
15 2 1 2
16 1 1 2
17 3 1 1
18 1 1 2
18 2 1 2
19 1 1 2
19 2 1 2
20 3 1 1
21 1 1 2
21 2 1 2
22 2 1 1
22 3 1 1
22 4 1 1
23 1 1 2
23 2 1 2
24 1 1 2
24 2 1 2
25 3 1 1
26 1 1 2
26 2 1 2
27 3 1 1
27 4 1 1
28 1 1 2
28 2 1 2
29 1 1 2
29 2 1 2
30 1 1 2
30 2 1 2
31 3 1 1
32 1 1 2
32 2 1 2
33 1 1 2
34 2 1 1
34 3 1 1
34 4 1 1
35 1 1 2
35 2 1 2
36 3 1 1
36 4 1 1
37 1 1 2
37 2 1 2
37 4 1 2
38 2 1 1
39 1 1 2
40 3 1 1
41 1 1 2
41 2 1 2
42 1 1 2
42 2 1 2
43 3 1 2
43 4 1 2
44 1 1 1
44 3 1 1
44 4 1 1
45 1 1 2
45 2 1 2
46 1 1 2
47 1 1 2
47 2 1 2
48 1 1 2
48 2 1 2
48 4 1 2
49 1 1 2
50 1 1 1
50 3 1 1
51 3 1 1
52 3 1 1
53 2 1 2
54 3 1 1
55 1 1 2
55 2 1 2
56 3 1 1
56 4 1 1
57 2 1 1
57 3 1 1
58 2 1 1
58 3 1 1
58 4 1 1
59 3 1 1
60 3 1 1
61 1 1 2
62 3 1 1
62 4 1 1
63 1 1 2
63 2 1 2
64 1 1 2
64 2 1 2
65 3 1 1
65 4 1 1
66 2 1 2
67 3 1 1
68 3 1 1
68 4 1 1
69 1 1 2
69 2 1 2
69 3 1 2
70 1 1 1
70 3 1 1
71 1 1 2
71 2 1 2
72 1 1 2
72 2 1 2
73 1 1 2
73 2 1 2
73 4 1 2
74 1 1 2
75 2 1 1
75 3 1 1
76 3 1 1
77 1 1 2
78 1 1 2
78 2 1 2
79 1 1 2
79 2 1 2
80 1 1 2
80 2 1 2
81 1 1 1
81 2 1 1
81 3 1 1
81 4 1 1
82 3 1 1
82 4 1 1
83 3 1 1
83 4 1 1
84 3 1 1
85 2 1 1
85 3 1 1
86 1 1 2
87 3 1 1
88 1 1 2
88 2 1 2
89 1 1 2
89 2 1 2
90 3 1 1
90 4 1 1
91 1 1 1
91 2 1 1
91 3 1 1
91 4 1 1
92 3 1 1
93 3 1 1
94 1 1 2
95 3 1 1
95 4 1 1
96 1 1 2
96 2 1 2
96 4 1 2
97 2 1 1
97 3 1 1
98 3 1 1
98 4 1 1
99 1 1 2
99 2 1 2
100 3 1 1
100 4 1 1
101 1 1 2
102 1 1 2
102 2 1 2
102 4 1 2
103 3 1 1
103 4 1 1
104 1 1 2
104 2 1 2
104 4 1 2
105 3 1 1
106 3 1 1
106 4 1 1
107 1 1 2
107 2 1 2
108 1 1 2
108 2 1 2
109 1 1 2
109 2 1 2
110 4 1 1
111 1 1 2
111 2 1 2
112 3 1 1
112 4 1 1
113 3 1 1
114 1 1 2
114 2 1 2
115 1 1 2
115 2 1 2
115 4 1 2
116 1 1 2
116 2 1 2
117 1 1 2
117 2 1 2
118 3 1 1
118 4 1 1
119 1 1 2
119 2 1 2
120 3 1 1
121 1 1 2
122 1 1 2
122 2 1 2
123 1 1 2
123 2 1 2
124 1 1 2
124 2 1 2
124 3 1 2
124 4 1 2
125 3 1 1
126 3 1 1
126 4 1 1
127 1 1 2
127 2 1 2
127 4 1 2
128 2 1 1
128 3 1 1
129 1 1 2
130 3 1 1
131 1 1 2
131 2 1 2
132 3 1 1
132 4 1 1
133 1 1 2
133 2 1 2
134 1 1 2
134 2 1 2
135 2 1 1
135 3 1 1
135 4 1 1
136 1 1 2
136 2 1 2
137 1 1 2
137 2 1 2
138 1 1 2
139 3 1 1
140 1 1 1
140 3 1 1
141 1 1 2
141 2 1 2
142 2 1 2
143 3 1 1
144 1 1 2
144 2 1 2
145 2 1 1
145 3 1 1
145 4 1 1
146 1 1 2
146 2 1 2
147 1 1 1
147 2 1 1
147 3 1 1
147 4 1 1
148 1 1 2
148 2 1 2
148 3 1 2
149 1 1 1
149 2 1 1
149 3 1 1
150 1 1 2
150 2 1 2
151 1 1 2
151 2 1 2
152 3 1 1
153 3 1 1
154 3 1 1
155 1 1 2
156 1 1 2
156 2 1 2
157 1 1 2
157 2 1 2
157 4 1 2
158 3 1 1
159 4 1 1
160 1 1 2
160 2 1 2
161 3 1 1
162 2 1 2
163 1 1 1
163 3 1 1
164 1 1 2
164 2 1 2
165 3 1 1
165 4 1 1
166 3 1 1
167 1 1 2
168 1 1 1
168 3 1 1
169 1 1 2
169 2 1 2
169 3 1 2
170 1 1 2
170 2 1 2
170 4 1 2
171 3 1 1
172 1 1 2
172 2 1 2
173 1 1 2
174 1 1 2
174 4 1 2
175 1 1 1
175 3 1 1
175 4 1 1
176 3 1 1
176 4 1 1
177 1 1 2
177 2 1 2
178 1 1 2
178 2 1 2
179 1 1 2
180 3 1 1
181 2 1 2
182 1 1 1
182 3 1 1
183 1 1 2
183 2 1 2
184 1 1 1
184 3 1 1
185 1 1 2
185 2 1 2
185 3 1 2
186 3 1 1
186 4 1 1
187 1 1 2
188 3 1 1
189 1 1 2
189 2 1 2
190 1 1 2
190 2 1 2
191 2 1 2
192 1 1 2
192 2 1 2
193 1 1 2
193 2 1 2
194 1 1 1
194 3 1 1
194 4 1 1
195 2 1 1
195 4 1 1
196 4 1 1
197 1 1 2
197 2 1 2
198 1 1 2
198 4 1 2
199 3 1 1
199 4 1 1
200 1 1 2
200 2 1 2
201 1 1 2
201 2 1 2
201 4 1 2
202 2 1 1
202 3 1 1
202 4 1 1
203 1 1 2
203 2 1 2
203 4 1 2
204 1 1 1
204 3 1 1
205 3 1 1
205 4 1 1
206 3 1 1
206 4 1 1
207 1 1 2
207 2 1 2
208 3 1 1
208 4 1 1
209 3 1 1
210 1 1 2
211 1 1 2
211 2 1 2
212 4 1 1
213 4 1 1
214 3 1 1
215 3 1 1
216 1 1 2
216 2 1 2
216 4 1 2
217 1 1 2
217 4 1 2
218 3 1 1
219 3 1 1
220 3 1 1
220 4 1 1
221 1 1 2
221 2 1 2
222 2 1 1
222 3 1 1
223 1 1 2
224 3 1 1
224 4 1 1
225 3 1 1
226 3 1 1
227 1 1 2
227 2 1 2
227 4 1 2
228 1 1 2
229 3 1 2
230 3 1 1
231 3 1 1
231 4 1 1
232 1 1 2
232 2 1 2
232 4 1 2
233 2 1 2
234 1 1 2
234 2 1 2
235 1 1 2
235 2 1 2
236 1 1 1
236 2 1 1
236 3 1 1
236 4 1 1
237 3 1 1
237 4 1 1
238 1 1 2
238 2 1 2
238 4 1 2
239 3 1 1
239 4 1 1
240 1 1 2
240 2 1 2
241 1 1 2
241 2 1 2
242 1 1 2
242 2 1 2
243 1 1 2
243 2 1 2
243 3 1 2
243 4 1 2
244 3 1 1
245 3 1 1
245 4 1 1
246 3 1 1
246 4 1 1
247 1 1 1
247 3 1 1
248 1 1 2
248 2 1 2
248 3 1 2
249 2 1 1
249 3 1 1
250 3 1 1
251 3 1 1
251 4 1 1
252 2 1 1
252 3 1 1
253 1 1 2
253 2 1 2
253 3 1 2
254 4 1 2
255 3 1 1
256 3 1 1
256 4 1 1
257 3 1 1
258 3 1 1
258 4 1 1
259 1 1 2
259 2 1 2
260 3 1 1
261 3 1 1
261 4 1 1
262 1 1 2
262 2 1 2
263 1 1 2
263 2 1 2
263 4 1 2
264 1 1 2
264 2 1 2
265 1 1 2
265 2 1 2
266 2 1 1
266 3 1 1
267 1 1 1
267 2 1 1
267 3 1 1
268 1 1 2
268 4 1 2
269 3 1 1
269 4 1 1
270 1 1 2
270 2 1 2
271 1 1 2
271 2 1 2
272 3 1 1
273 1 1 2
273 2 1 2
274 3 1 1
275 3 1 1
275 4 1 1
276 3 1 1
277 3 1 1
278 1 1 2
278 2 1 2
279 1 1 2
279 2 1 2
280 3 1 1
280 4 1 1
281 1 1 2
281 2 1 2
282 1 1 2
282 2 1 2
282 4 1 2
283 1 1 2
283 2 1 2
283 4 1 2
284 3 1 1
285 1 1 2
285 2 1 2
285 4 1 2
286 1 1 2
286 2 1 2
286 4 1 2
287 1 1 2
287 2 1 2
287 4 1 2
288 1 1 2
288 2 1 2
288 4 1 2
289 3 1 1
289 4 1 1
290 3 1 1
290 4 1 1
291 1 1 2
291 2 1 2
292 1 1 2
292 2 1 2
293 2 1 1
293 3 1 1
293 4 1 1
294 2 1 1
294 3 1 1
295 1 1 2
295 2 1 2
296 3 1 1
296 4 1 1
297 1 1 2
297 2 1 2
297 3 1 2
298 2 1 1
298 3 1 1
299 2 1 1
299 3 1 1
300 1 1 1
300 3 1 1
300 4 1 1
301 1 1 2
301 2 1 2
302 1 1 2
302 2 1 2
303 3 1 1
304 3 1 1
304 4 1 1
305 1 1 2
305 2 1 2
306 1 1 2
306 2 1 2
307 1 1 1
307 3 1 1
307 4 1 1
308 1 1 2
309 1 1 2
309 2 1 2
309 4 1 2
310 3 1 1
311 3 1 1
312 2 1 1
312 4 1 1
313 3 1 1
314 1 1 2
314 2 1 2
315 2 1 1
315 3 1 1
316 3 1 1
316 4 1 1
317 2 1 1
317 3 1 1
317 4 1 1
318 2 1 2
319 2 1 1
319 3 1 1
320 1 1 2
320 2 1 2
321 3 1 1
321 4 1 1
322 1 1 2
322 2 1 2
323 1 1 1
323 4 1 1
324 2 1 2
325 1 1 2
325 2 1 2
325 3 1 2
326 2 1 1
326 3 1 1
326 4 1 1
327 2 1 1
327 3 1 1
327 4 1 1
328 3 1 1
329 1 1 2
329 2 1 2
329 3 1 2
330 3 1 1
331 3 1 1
332 1 1 2
332 2 1 2
333 3 1 1
334 1 1 2
334 2 1 2
335 3 1 1
335 4 1 1
336 3 1 1
337 1 1 2
337 2 1 2
338 1 1 2
338 2 1 2
339 3 1 1
339 4 1 1
340 1 1 2
341 3 1 1
341 4 1 1
342 1 1 2
342 2 1 2
343 1 1 2
343 2 1 2
343 4 1 2
344 2 1 1
344 3 1 1
345 1 1 2
345 2 1 2
346 1 1 2
346 4 1 2
347 3 1 1
347 4 1 1
348 1 1 2
348 2 1 2
348 3 1 2
349 2 1 1
349 3 1 1
350 3 1 1
351 1 1 2
351 2 1 2
352 1 1 2
352 2 1 2
352 4 1 2
353 2 1 2
354 3 1 1
355 3 1 1
356 1 1 2
356 2 1 2
356 4 1 2
357 1 1 2
357 2 1 2
358 1 1 1
358 3 1 1
358 4 1 1
359 1 1 2
359 2 1 2
360 3 1 1
360 4 1 1
361 1 1 2
361 2 1 2
361 4 1 2
362 4 1 1
363 3 1 1
364 2 1 1
364 3 1 1
364 4 1 1
365 2 1 1
365 3 1 1
365 4 1 1
366 1 1 2
366 2 1 2
367 1 1 1
367 3 1 1
368 1 1 1
368 3 1 1
369 1 1 2
369 2 1 2
369 4 1 2
370 1 1 2
370 2 1 2
370 3 1 2
371 4 1 1
372 2 1 2
373 3 1 1
374 2 1 1
374 3 1 1
374 4 1 1
375 3 1 1
376 3 1 1
377 1 1 1
377 3 1 1
378 1 1 2
378 2 1 2
378 4 1 2
379 3 1 1
380 1 1 2
380 2 1 2
381 3 1 1
381 4 1 1
382 1 1 2
382 2 1 2
383 4 1 1
384 1 1 2
384 2 1 2
384 4 1 2
385 1 1 2
385 2 1 2
386 3 1 1
386 4 1 1
387 1 1 2
387 4 1 2
388 1 1 2
388 2 1 2
389 3 1 1
390 4 1 1
391 3 1 1
392 3 1 1
392 4 1 1
393 3 1 1
394 3 1 1
394 4 1 1
395 3 1 1
396 3 1 1
397 2 1 1
397 3 1 1
398 1 1 2
398 2 1 2
399 1 1 1
399 3 1 1
400 1 1 2
400 2 1 2
400 4 1 2
401 1 1 2
401 2 1 2
401 4 1 2
402 1 1 2
403 1 1 2
403 2 1 2
404 3 1 1
404 4 1 1
405 1 1 2
405 2 1 2
406 1 1 2
406 2 1 2
407 1 1 2
408 1 1 1
408 2 1 1
408 3 1 1
409 1 1 2
409 2 1 2
410 1 1 2
410 2 1 2
411 3 1 1
411 4 1 1
412 1 1 1
412 3 1 1
413 2 1 1
413 3 1 1
414 1 1 2
414 2 1 2
415 1 1 2
415 2 1 2
416 3 1 1
416 4 1 1
417 3 1 1
418 1 1 2
418 2 1 2
419 3 1 1
420 4 1 1
421 1 1 2
421 2 1 2
422 3 1 1
422 4 1 1
423 3 1 1
424 2 1 1
424 3 1 1
425 3 1 1
426 1 1 2
426 2 1 2
427 3 1 1
427 4 1 1
428 1 1 2
428 2 1 2
428 4 1 2
429 1 1 1
429 3 1 1
429 4 1 1
430 1 1 2
430 2 1 2
431 1 1 2
432 1 1 2
432 4 1 2
433 2 1 1
433 3 1 1
434 2 1 1
434 3 1 1
435 3 1 1
435 4 1 1
436 2 1 2
437 3 1 1
437 4 1 1
438 1 1 2
439 1 1 2
439 2 1 2
440 1 1 2
440 2 1 2
441 3 1 1
441 4 1 1
442 1 1 2
442 2 1 2
443 3 1 1
443 4 1 1
444 2 1 1
444 3 1 1
444 4 1 1
445 3 1 1
445 4 1 1
446 2 1 2
447 2 1 1
447 3 1 1
447 4 1 1
448 2 1 2
448 4 1 2
449 2 1 1
449 3 1 1
449 4 1 1
450 3 1 1
450 4 1 1
451 1 1 1
451 3 1 1
451 4 1 1
452 2 1 1
452 3 1 1
452 4 1 1
453 2 1 1
453 4 1 1
454 1 1 2
454 2 1 2
455 3 1 1
456 3 1 1
456 4 1 1
457 1 1 2
458 3 1 1
459 1 1 2
459 2 1 2
460 2 1 1
460 3 1 1
461 1 1 2
461 2 1 2
461 4 1 2
462 1 1 2
462 2 1 2
463 1 1 1
463 3 1 1
464 2 1 1
464 3 1 1
465 3 1 1
465 4 1 1
466 1 1 2
466 2 1 2
466 3 1 2
467 3 1 1
467 4 1 1
468 3 1 1
469 1 1 2
469 2 1 2
470 3 1 1
471 1 1 2
471 2 1 2
471 4 1 2
472 3 1 1
472 4 1 1
473 3 1 1
473 4 1 1
474 3 1 1
474 4 1 1
475 2 1 1
475 3 1 1
476 3 1 1
477 3 1 1
478 3 1 1
479 1 1 2
479 2 1 2
480 3 1 1
480 4 1 1
481 2 1 1
481 3 1 1
481 4 1 1
482 3 1 1
482 4 1 1
483 1 1 2
483 2 1 2
483 3 1 2
483 4 1 2
484 1 1 2
484 2 1 2
484 4 1 2
485 3 1 1
486 1 1 2
486 2 1 2
486 3 1 2
487 3 1 1
487 4 1 1
488 1 1 2
488 2 1 2
488 3 1 2
489 3 1 1
490 1 1 2
490 2 1 2
491 1 1 2
492 1 1 2
492 3 1 2
493 3 1 1
494 1 1 2
494 2 1 2
494 3 1 2
495 1 1 2
495 2 1 2
495 3 1 2
495 4 1 2
496 1 1 2
496 2 1 2
496 3 1 2
497 3 1 1
497 4 1 1
498 3 1 1
498 4 1 1
499 1 1 2
499 2 1 2
500 3 1 1
500 4 1 1
501 3 1 1
502 1 1 2
502 2 1 2
502 4 1 2
503 3 1 1
504 1 1 2
504 2 1 2
505 3 1 1
505 4 1 1
506 1 1 2
507 1 1 2
507 2 1 2
508 3 1 1
508 4 1 1
509 1 1 1
509 3 1 1
510 1 1 2
510 2 1 2
510 3 1 2
511 1 1 2
511 2 1 2
511 3 1 2
512 3 1 1
513 1 1 2
514 2 1 1
514 3 1 1
515 1 1 2
516 3 1 1
516 4 1 1
517 1 1 2
517 2 1 2
517 4 1 2
518 1 1 2
518 2 1 2
519 1 1 2
520 1 1 2
520 2 1 2
520 4 1 2
521 2 1 1
521 3 1 1
521 4 1 1
522 1 1 2
522 2 1 2
523 2 1 2
524 3 1 1
524 4 1 1
525 3 1 1
525 4 1 1
526 1 1 2
526 2 1 2
527 1 1 2
528 2 1 1
528 3 1 1
528 4 1 1
529 1 1 1
529 3 1 1
530 1 1 2
530 2 1 2
531 3 1 1
531 4 1 1
532 1 1 2
532 2 1 2
532 3 1 2
533 4 1 1
534 3 1 1
535 1 1 2
535 2 1 2
535 4 1 2
536 3 1 1
536 4 1 1
537 1 1 2
537 2 1 2
537 3 1 2
537 4 1 2
538 3 1 1
538 4 1 1
539 1 1 2
540 1 1 2
541 1 1 2
541 2 1 2
542 1 1 2
542 2 1 2
543 3 1 1
544 1 1 2
544 2 1 2
544 4 1 2
545 1 1 2
545 2 1 2
546 3 1 1
547 1 1 2
548 2 1 1
548 3 1 1
548 4 1 1
549 3 1 1
549 4 1 1
550 1 1 2
550 2 1 2
551 1 1 2
552 3 1 1
552 4 1 1
553 1 1 2
553 2 1 2
554 1 1 1
554 2 1 1
554 3 1 1
554 4 1 1
555 1 1 2
555 2 1 2
556 1 1 2
556 2 1 2
556 4 1 2
557 1 1 2
557 2 1 2
558 3 1 1
559 2 1 1
559 3 1 1
560 1 1 2
560 2 1 2
561 3 1 1
561 4 1 1
562 3 1 1
563 3 1 1
564 1 1 2
564 2 1 2
565 3 1 1
565 4 1 1
566 1 1 2
566 2 1 2
567 1 1 2
568 1 1 2
568 2 1 2
569 3 1 1
569 4 1 1
570 1 1 2
570 4 1 2
571 1 1 2
571 2 1 2
572 1 1 1
572 3 1 1
572 4 1 1
573 1 1 2
573 2 1 2
573 3 1 2
573 4 1 2
574 1 1 1
574 2 1 1
574 3 1 1
575 1 1 2
575 2 1 2
576 2 1 1
576 3 1 1
576 4 1 1
577 2 1 1
577 3 1 1
578 1 1 2
578 2 1 2
579 1 1 2
579 2 1 2
579 3 1 2
580 3 1 1
581 1 1 2
581 4 1 2
582 2 1 1
583 2 1 2
583 3 1 2
584 1 1 1
584 3 1 1
584 4 1 1
585 3 1 1
585 4 1 1
586 1 1 2
586 2 1 2
587 1 1 2
588 2 1 2
589 1 1 2
589 2 1 2
589 4 1 2
590 1 1 2
591 1 1 2
592 3 1 1
592 4 1 1
593 2 1 1
593 3 1 1
593 4 1 1
594 1 1 2
594 2 1 2
595 1 1 2
596 2 1 2
597 1 1 2
597 2 1 2
597 4 1 2
598 2 1 1
598 3 1 1
598 4 1 1
599 1 1 2
599 2 1 2
600 1 1 2
600 2 1 2
601 1 1 2
601 2 1 2
602 1 1 2
602 2 1 2
602 3 1 2
603 1 1 2
603 2 1 2
604 2 1 1
604 3 1 1
605 2 1 1
605 3 1 1
605 4 1 1
606 3 1 1
606 4 1 1
607 3 1 1
608 3 1 1
609 4 1 1
610 4 1 1
611 3 1 1
612 4 1 1
613 1 1 2
613 2 1 2
613 3 1 2
614 3 1 1
615 1 1 2
615 2 1 2
615 4 1 2
616 1 1 2
616 4 1 2
617 1 1 2
618 2 1 1
618 3 1 1
618 4 1 1
619 3 1 1
619 4 1 1
620 1 1 1
620 3 1 1
620 4 1 1
621 1 1 2
621 2 1 2
621 4 1 2
622 4 1 1
623 2 1 2
624 3 1 1
624 4 1 1
625 1 1 2
625 2 1 2
625 3 1 2
625 4 1 2
626 1 1 2
627 1 1 2
627 2 1 2
628 1 1 2
628 2 1 2
628 4 1 2
629 3 1 1
629 4 1 1
630 2 1 2
630 3 1 2
631 1 1 2
631 2 1 2
632 1 1 2
632 2 1 2
633 1 1 2
633 2 1 2
634 2 1 1
634 4 1 1
635 4 1 1
636 1 1 1
636 3 1 1
636 4 1 1
637 3 1 1
638 1 1 2
638 2 1 2
639 3 1 1
640 3 1 1
641 3 1 1
642 1 1 2
642 2 1 2
643 1 1 2
643 2 1 2
644 3 1 2
644 4 1 2
645 1 1 2
645 2 1 2
646 1 1 2
646 2 1 2
646 4 1 2
647 3 1 1
648 1 1 2
648 2 1 2
649 3 1 1
650 1 1 2
650 2 1 2
651 1 1 1
651 2 1 1
651 3 1 1
651 4 1 1
652 1 1 2
652 2 1 2
653 1 1 2
653 2 1 2
654 1 1 2
654 2 1 2
655 1 1 2
655 2 1 2
656 3 1 1
657 1 1 2
657 2 1 2
658 1 1 2
658 2 1 2
659 1 1 2
660 2 1 1
660 3 1 1
660 4 1 1
661 3 1 1
662 1 1 2
662 2 1 2
663 1 1 2
664 1 1 2
664 2 1 2
665 1 1 2
666 1 1 2
666 2 1 2
667 1 1 2
667 4 1 2
668 1 1 2
668 2 1 2
669 1 1 2
669 4 1 2
670 3 1 1
670 4 1 1
671 1 1 2
671 2 1 2
671 4 1 2
672 2 1 1
672 3 1 1
672 4 1 1
673 1 1 2
673 2 1 2
674 1 1 2
674 2 1 2
675 4 1 2
676 1 1 2
676 2 1 2
677 2 1 1
677 3 1 1
678 1 1 2
679 1 1 2
679 2 1 2
680 3 1 1
680 4 1 1
681 3 1 1
682 1 1 2
682 2 1 2
683 3 1 1
683 4 1 1
684 3 1 1
685 1 1 2
686 1 1 2
686 2 1 2
686 4 1 2
687 3 1 1
687 4 1 1
688 1 1 2
688 2 1 2
688 4 1 2
689 2 1 1
689 3 1 1
690 1 1 2
690 2 1 2
691 3 1 1
692 1 1 1
692 3 1 1
692 4 1 1
693 3 1 1
693 4 1 1
694 3 1 1
695 1 1 2
695 2 1 2
696 3 1 1
696 4 1 1
697 1 1 2
697 2 1 2
698 2 1 1
698 3 1 1
698 4 1 1
699 1 1 2
699 2 1 2
700 1 1 2
701 3 1 1
701 4 1 1
702 2 1 2
703 2 1 1
704 1 1 2
704 2 1 2
705 2 1 2
706 3 1 1
706 4 1 1
707 1 1 2
708 1 1 2
708 2 1 2
709 3 1 1
709 4 1 1
710 1 1 2
711 3 1 1
711 4 1 1
712 3 1 1
713 3 1 1
713 4 1 1
714 1 1 2
714 3 1 2
715 1 1 1
715 3 1 1
715 4 1 1
716 1 1 2
716 2 1 2
716 4 1 2
717 2 1 2
718 1 1 2
718 2 1 2
719 2 1 2
719 4 1 2
720 3 1 1
721 3 1 1
722 2 1 1
722 3 1 1
722 4 1 1
723 3 1 1
723 4 1 1
724 1 1 2
724 2 1 2
724 4 1 2
725 2 1 1
725 3 1 1
725 4 1 1
726 1 1 2
727 1 1 2
727 2 1 2
727 3 1 2
728 3 1 2
729 3 1 1
730 1 1 2
730 2 1 2
731 4 1 1
732 1 1 2
732 2 1 2
733 3 1 1
734 1 1 2
734 2 1 2
734 4 1 2
735 3 1 1
736 3 1 1
736 4 1 1
737 2 1 1
737 3 1 1
737 4 1 1
738 1 1 2
738 2 1 2
739 1 1 2
739 2 1 2
740 1 1 2
741 1 1 2
741 2 1 2
741 3 1 2
741 4 1 2
742 3 1 1
743 2 1 1
743 3 1 1
744 1 1 2
745 1 1 1
745 3 1 1
745 4 1 1
746 3 1 1
746 4 1 1
747 3 1 1
747 4 1 1
748 1 1 2
748 2 1 2
748 4 1 2
749 3 1 1
749 4 1 1
750 3 1 1
751 3 1 1
752 3 1 1
753 1 1 2
754 2 1 1
754 3 1 1
755 3 1 1
755 4 1 1
756 1 1 1
756 2 1 1
756 3 1 1
756 4 1 1
757 1 1 2
757 2 1 2
758 1 1 2
758 2 1 2
759 2 1 1
759 3 1 1
759 4 1 1
760 1 1 2
760 2 1 2
761 3 1 1
761 4 1 1
762 3 1 1
762 4 1 1
763 3 1 1
763 4 1 1
764 1 1 2
764 2 1 2
764 4 1 2
765 4 1 2
766 3 1 1
766 4 1 1
767 3 1 1
768 2 1 1
768 3 1 1
769 3 1 1
770 1 1 1
770 2 1 1
770 3 1 1
771 2 1 2
771 4 1 2
772 1 1 1
773 1 1 2
773 2 1 2
774 1 1 2
774 2 1 2
775 1 1 2
775 2 1 2
776 1 1 2
776 2 1 2
777 3 1 1
777 4 1 1
778 1 1 1
778 3 1 1
779 3 1 1
780 1 1 1
780 3 1 1
780 4 1 1
781 1 1 2
781 4 1 2
782 1 1 2
782 2 1 2
783 2 1 2
784 1 1 2
784 2 1 2
785 1 1 2
785 2 1 2
786 1 1 2
786 2 1 2
787 2 1 1
787 3 1 1
788 1 1 2
788 2 1 2
788 4 1 2
789 2 1 1
789 3 1 1
789 4 1 1
790 2 1 1
791 1 1 2
791 2 1 2
792 3 1 1
792 4 1 1
793 1 1 2
793 2 1 2
793 4 1 2
794 1 1 2
794 2 1 2
795 1 1 2
795 2 1 2
796 3 1 1
797 1 1 2
797 3 1 2
798 1 1 2
799 1 1 2
799 2 1 2
800 1 1 2
800 2 1 2
801 3 1 1
801 4 1 1
802 3 1 1
803 1 1 2
803 2 1 2
803 3 1 2
804 4 1 1
805 1 1 2
805 2 1 2
806 1 1 1
806 2 1 1
806 3 1 1
807 1 1 2
807 2 1 2
808 1 1 1
808 3 1 1
808 4 1 1
809 1 1 2
809 2 1 2
810 3 1 1
811 1 1 2
811 2 1 2
812 3 1 1
812 4 1 1
813 1 1 2
813 2 1 2
813 4 1 2
814 3 1 1
814 4 1 1
815 3 1 1
816 1 1 2
816 2 1 2
817 1 1 2
818 1 1 2
818 2 1 2
818 3 1 2
819 3 1 1
819 4 1 1
820 3 1 1
821 2 1 2
822 3 1 1
823 2 1 1
823 3 1 1
824 2 1 1
824 3 1 1
824 4 1 1
825 2 1 1
825 3 1 1
826 3 1 1
826 4 1 1
827 1 1 2
827 2 1 2
828 1 1 2
828 2 1 2
829 1 1 2
829 2 1 2
829 4 1 2
830 3 1 1
831 2 1 1
831 3 1 1
831 4 1 1
832 1 1 2
832 2 1 2
833 3 1 1
833 4 1 1
834 3 1 1
834 4 1 1
835 1 1 2
835 2 1 2
836 3 1 1
836 4 1 1
837 1 1 2
837 2 1 2
838 1 1 2
839 1 1 2
840 1 1 2
840 2 1 2
840 3 1 2
841 1 1 1
841 3 1 1
841 4 1 1
842 1 1 2
842 2 1 2
842 4 1 2
843 3 1 1
843 4 1 1
844 3 1 1
844 4 1 1
845 1 1 1
845 3 1 1
845 4 1 1
846 3 1 1
847 3 1 1
848 3 1 1
848 4 1 1
849 1 1 1
849 2 1 1
849 4 1 1
850 2 1 1
850 3 1 1
851 2 1 1
851 4 1 1
852 2 1 1
852 3 1 1
853 3 1 1
854 1 1 2
854 2 1 2
855 3 1 1
856 2 1 1
857 1 1 2
858 3 1 1
858 4 1 1
859 3 1 1
859 4 1 1
860 3 1 1
860 4 1 1
861 1 1 2
861 2 1 2
862 3 1 1
862 4 1 1
863 2 1 1
863 3 1 1
864 1 1 2
864 2 1 2
865 3 1 1
865 4 1 1
866 3 1 1
866 4 1 1
867 3 1 1
868 1 1 2
868 2 1 2
869 3 1 1
870 4 1 1
871 3 1 1
871 4 1 1
872 3 1 1
872 4 1 1
873 3 1 1
873 4 1 1
874 1 1 2
874 2 1 2
875 2 1 1
875 3 1 1
876 2 1 1
876 3 1 1
877 1 1 2
877 3 1 2
878 3 1 1
879 3 1 1
880 1 1 2
880 2 1 2
880 4 1 2
881 1 1 2
881 2 1 2
882 1 1 2
882 2 1 2
883 1 1 1
883 3 1 1
883 4 1 1
884 1 1 2
884 2 1 2
885 3 1 1
886 3 1 1
886 4 1 1
887 4 1 1
888 3 1 1
888 4 1 1
889 3 1 1
890 3 1 1
891 1 1 2
891 3 1 2
891 4 1 2
892 1 1 2
892 4 1 2
893 1 1 2
893 2 1 2
894 1 1 2
895 1 1 2
896 1 1 2
896 2 1 2
897 3 1 1
897 4 1 1
898 1 1 2
898 2 1 2
899 1 1 2
899 2 1 2
900 3 1 1
900 4 1 1
901 1 1 2
901 2 1 2
902 1 1 2
902 2 1 2
903 1 1 2
903 2 1 2
904 3 1 1
905 2 1 2
906 1 1 2
906 2 1 2
906 4 1 2
907 1 1 2
907 2 1 2
907 3 1 2
908 3 1 1
909 3 1 1
910 2 1 1
910 3 1 1
911 3 1 1
911 4 1 1
912 1 1 2
912 2 1 2
913 3 1 1
913 4 1 1
914 3 1 1
915 1 1 2
916 2 1 2
917 3 1 1
918 3 1 1
918 4 1 1
919 1 1 2
919 2 1 2
920 1 1 2
920 2 1 2
921 3 1 1
922 3 1 1
923 1 1 2
923 2 1 2
924 2 1 1
924 3 1 1
925 3 1 1
925 4 1 1
926 1 1 2
926 2 1 2
927 1 1 2
927 2 1 2
928 2 1 1
928 4 1 1
929 3 1 1
929 4 1 1
930 1 1 2
930 2 1 2
930 3 1 2
930 4 1 2
931 3 1 1
932 2 1 2
933 2 1 1
933 4 1 1
934 3 1 1
935 3 1 1
935 4 1 1
936 3 1 1
936 4 1 1
937 2 1 2
937 4 1 2
938 3 1 1
939 1 1 2
939 2 1 2
940 3 1 1
941 3 1 1
941 4 1 1
942 1 1 1
942 3 1 1
942 4 1 1
943 1 1 2
943 2 1 2
944 3 1 1
944 4 1 1
945 1 1 2
945 4 1 2
946 3 1 1
947 3 1 1
948 2 1 2
949 1 1 2
949 2 1 2
950 1 1 2
950 2 1 2
951 2 1 1
951 3 1 1
952 1 1 2
953 2 1 1
953 3 1 1
953 4 1 1
954 4 1 1
955 1 1 2
955 4 1 2
956 3 1 1
957 2 1 1
957 3 1 1
957 4 1 1
958 3 1 1
958 4 1 1
959 3 1 1
959 4 1 1
960 2 1 2
960 4 1 2
961 2 1 2
962 1 1 2
962 2 1 2
963 1 1 2
963 2 1 2
964 4 1 1
965 1 1 2
965 2 1 2
966 2 1 1
966 3 1 1
967 3 1 1
967 4 1 1
968 1 1 2
968 2 1 2
969 1 1 2
969 2 1 2
970 1 1 2
970 2 1 2
970 3 1 2
970 4 1 2
971 1 1 2
971 2 1 2
971 4 1 2
972 1 1 2
972 2 1 2
972 3 1 2
973 2 1 2
973 4 1 2
974 1 1 2
974 2 1 2
974 4 1 2
975 1 1 2
976 3 1 1
977 3 1 1
977 4 1 1
978 1 1 1
978 3 1 1
979 1 1 2
980 1 1 2
980 2 1 2
980 3 1 2