-2 -18
13 32
-2 -32
8 6
19 43
11 33
17 31
11 17
1 -16
-1 -4
12 26
12 20
-13 -49
7 2
29 60
12 9
1 -2
28 88
22 48
15 48
9 15
-4 -19
11 22
-1 -38
25 68
22 51
11 26
21 47
13 17
10 11
30 77
6 22
-7 -39
-4 -26
0 -17
22 50
2 -9
11 17
21 54
26 79
1 1
1 0
-3 -20
8 26
22 64
-3 -10
7 -2
-6 -34
1 -12
2 11
3 3
8 3
4 -1
21 63
-4 -16
-4 -7
27 78
4 18
17 44
-1 -23
11 15
-1 -16
11 20
9 19
15 34
-12 -37
17 44
4 22
-20 -47
14 37
2 -5
23 53
23 65
10 16
6 11
13 32
18 36
5 -10
14 19
43 43
49 47
46 44
44 44
42 39
56 72
32 26
55 60
39 37
24 15
15 -7
44 54
35 37
51 60
40 52
58 66
59 63
42 36
38 36
11 5
21 9
48 56
26 23
38 25
48 49
52 53
16 3
21 9
47 55
50 50
53 54
35 26
66 86
19 14
56 73
45 46
42 46
31 34
42 40
38 39
44 48
58 66
15 -5
55 74
53 55
51 58
51 64
59 58
40 47
43 50
61 57
20 8
43 50
15 2
21 6
59 68
54 53
34 28
54 56
31 34
27 19
10 -7
49 56
31 15
6 -4
43 47
55 64
15 -3
38 36
52 53
39 34
29 27
0 -9
21 10
34 41
28 28
21 15
24 14
57 75
18 13
73 101
32 15
33 29
28 18
39 30
25 13
29 25
54 50
60 59
48 57
44 50
27 30
42 41
22 14
60 71
45 47
69 102
39 37
52 51
20 16
39 38
41 44
27 32
27 18
55 74
62 77
51 59
14 4
43 48
31 26
46 53
52 71
22 -2
48 48
47 36
38 45
29 28
48 61
34 27
21 17
43 45
51 59
50 54
55 68
50 50
33 20
54 61
31 18
45 43
35 38
31 23
18 -2
44 43
72 84
64 84
29 32
36 31
45 66
28 25
33 30
53 60
39 47
22 17
46 45
58 63
40 45
45 50
53 40
33 23
27 30
13 4
31 25
34 27
38 45
60 65
36 29
56 64
56 56
42 35
21 18
48 49
33 24
34 29
48 45
53 60
42 31
29 17
49 58
49 60
51 53
39 34
57 70
17 5
19 17
48 69
33 31
36 31
23 10
23 17
45 50
8 -10
62 65
73 86
68 96
7 -11
52 54
7 -17
58 59
40 41
38 31
7 -11
35 30
37 47
23 16
35 32
35 34
19 8
16 -1
59 61
30 20
17 22
10 -8
25 21
43 34
64 77
27 16
57 60
36 37
23 2
46 45
12 3
35 41
36 36
33 28
58 71
39 31
38 26
13 3
43 43
52 54
40 50